1.000000 0.294118  9539503.517108  -389337799.538368  389337799.538368
1.010000 0.297059  8465487.645043  -342089748.920720  342089748.920720
1.020000 0.300000  7521218.724186  -300958488.336428  300958488.336428
1.030000 0.302941  6689974.815363  -265103439.238876  265103439.238876
1.040000 0.305882  5957321.746889  -233806106.916154  233806106.916154
1.050000 0.308824  5310782.301413  -206451412.243604  206451412.243604
1.060000 0.311765  4739555.768984  -182512018.781953  182512018.781953
1.070000 0.314706  4234279.819717  -161535152.436174  161535152.436174
1.080000 0.317647  3786827.994358  -143131498.942326  143131498.942326
1.090000 0.320588  3390137.221436  -126965836.452097  126965836.452097
1.100000 0.323529  3038060.688105  -112749119.475612  112749119.475612
1.110000 0.326471  2725242.152764  -100231778.864496  100231778.864496
1.120000 0.329412  2447008.419202  -89198042.336147  89198042.336147
1.130000 0.332353  2199277.217211  -79461112.844149  79461112.844149
1.140000 0.335294  1978478.172074  -70859069.172693  70859069.172693
1.150000 0.338235  1781484.910225  -63251375.514831  63251375.514831
1.160000 0.341176  1605556.653367  -56515905.329985  56515905.329985
1.170000 0.344118  1448287.908547  -50546400.152091  50546400.152091
1.180000 0.347059  1307565.075637  -45250296.795807  45250296.795807
1.190000 0.350000  1181528.973318  -40546867.041137  40546867.041137
1.200000 0.352941  1068542.435674  -36365622.740306  36365622.740306
1.210000 0.355882  967162.258739  -32644946.690715  32644946.690715
1.220000 0.358824  876114.883564  -29330915.805547  29330915.805547
1.230000 0.361765  794275.292991  -26376288.295420  26376288.295420
1.240000 0.364706  720648.675923  -23739630.920495  23739630.920495
1.250000 0.367647  654354.477786  -21384566.022651  21384566.022651
1.260000 0.370588  594612.510886  -19279121.117715  19279121.117715
1.270000 0.373529  540730.845132  -17395166.413864  17395166.413864
1.280000 0.376471  492095.239305  -15707927.803788  15707927.803788
1.290000 0.379412  448159.906929  -14195564.720712  14195564.720712
1.300000 0.382353  408439.439607  -12838803.806751  12838803.806751
1.310000 0.385294  372501.735349  -11620620.661923  11620620.661923
1.320000 0.388235  339961.800458  -10525963.061318  10525963.061318
1.330000 0.391176  310476.311539  -9541509.978293  9541509.978293
1.340000 0.394118  283738.839647  -8655461.559502  8655461.559502
1.350000 0.397059  259475.651816  -7857355.885339  7857355.885339
1.360000 0.400000  237442.016602  -7137908.935547  7137908.935547
1.370000 0.402941  217418.950003  -6488874.679936  6488874.679936
1.380000 0.405882  199210.346596  -5902922.641474  5902922.641474
1.390000 0.408824  182640.447918  -5373530.644536  5373530.644536
1.400000 0.411765  167551.606424  -4894890.774076  4894890.774076
1.410000 0.414706  153802.308727  -4461826.839823  4461826.839823
1.420000 0.417647  141265.426504  -4069721.869903  4069721.869903
1.430000 0.420588  129826.667495  -3714454.356136  3714454.356136
1.440000 0.423529  119383.202520  -3392342.143485  3392342.143485
1.450000 0.426471  109842.447487  -3100093.002680  3100093.002680
1.460000 0.429412  101120.981971  -2834761.051334  2834761.051334
1.470000 0.432353  93143.588280  -2593708.297923  2593708.297923
1.480000 0.435294  85842.396869  -2374570.677118  2374570.677118
1.490000 0.438235  79156.125731  -2175228.026375  2175228.026375
1.500000 0.441176  73029.402892  -1993777.524168  1993777.524168
1.510000 0.444118  67412.162459  -1828510.171266  1828510.171266
1.520000 0.447059  62259.105816  -1677889.949426  1677889.949426
1.530000 0.450000  57529.220585  -1540535.337797  1540535.337797
1.540000 0.452941  53185.350819  -1415202.907290  1415202.907290
1.550000 0.455882  49193.812708  -1300772.747856  1300772.747856
1.560000 0.458824  45524.050705  -1196235.513880  1196235.513880
1.570000 0.461765  42148.329622  -1100680.899201  1100680.899201
1.580000 0.464706  39041.458709  -1013287.376265  1013287.376265
1.590000 0.467647  36180.544250  -933313.053933  933313.053933
1.600000 0.470588  33544.767551  -860087.526004  860087.526004
1.610000 0.473529  31115.185589  -793004.597809  793004.597809
1.620000 0.476471  28874.551884  -731515.791648  731515.791648
1.630000 0.479412  26807.155439  -675124.543548  675124.543548
1.640000 0.482353  24898.675826  -623381.014143  623381.014143
1.650000 0.485294  23136.052711  -575877.445476  575877.445476
1.660000 0.488235  21507.368315  -532244.003460  532244.003460
1.670000 0.491176  20001.741451  -492145.052685  492145.052685
1.680000 0.494118  18609.231939  -455275.816397  455275.816397
1.690000 0.497059  17320.754333  -421359.379853  421359.379853
1.700000 0.500000  16128.000000  -390144.000000  390144.000000
1.710000 0.502941  15023.366703  -361400.688625  361400.688625
1.720000 0.505882  13999.894927  -334921.039786  334921.039786
1.730000 0.508824  13051.210270  -310515.275624  310515.275624
1.740000 0.511765  12171.471279  -288010.487507  288010.487507
1.750000 0.514706  11355.322214  -267249.052021  267249.052021
1.760000 0.517647  10597.850220  -248087.203549  248087.203549
1.770000 0.520588  9894.546495  -230393.747207  230393.747207
1.780000 0.523529  9241.271058  -214048.897640  214048.897640
1.790000 0.526471  8634.220755  -198943.230757  198943.230757
1.800000 0.529412  8069.900203  -184976.736878  184976.736878
1.810000 0.532353  7545.095378  -172057.964991  172057.964991
1.820000 0.535294  7056.849605  -160103.248920  160103.248920
1.830000 0.538235  6602.441699  -149036.007164  149036.007164
1.840000 0.541176  6179.366084  -138786.109052  138786.109052
1.850000 0.544118  5785.314674  -129289.300614  129289.300614
1.860000 0.547059  5418.160365  -120486.684265  120486.684265
1.870000 0.550000  5075.941991  -112324.247003  112324.247003
1.880000 0.552941  4756.850592  -104752.432373  104752.432373
1.890000 0.555882  4459.216889  -97725.751931  97725.751931
1.900000 0.558824  4181.499847  -91202.432391  91202.432391
1.910000 0.561765  3922.276229  -85144.094999  85144.094999
1.920000 0.564706  3680.231041  -79515.464051  79515.464051
1.930000 0.567647  3454.148811  -74284.101779  74284.101779
1.940000 0.570588  3242.905591  -69420.167086  69420.167086
1.950000 0.573529  3045.461660  -64896.195889  64896.195889
1.960000 0.576471  2860.854821  -60686.901033  60686.901033
1.970000 0.579412  2688.194279  -56768.989946  56768.989946
1.980000 0.582353  2526.655014  -53120.998380  53120.998380
1.990000 0.585294  2375.472640  -49723.138755  49723.138755
2.000000 0.588235  2233.938673  -46557.161743  46557.161743
2.010000 0.591176  2101.396197  -43606.229904  43606.229904
2.020000 0.594118  1977.235885  -40854.802246  40854.802246
2.030000 0.597059  1860.892343  -38288.528730  38288.528730
2.040000 0.600000  1751.840750  -35894.153820  35894.153820
2.050000 0.602941  1649.593773  -33659.428259  33659.428259
2.060000 0.605882  1553.698724  -31573.028341  31573.028341
2.070000 0.608824  1463.734952  -29624.482000  29624.482000
2.080000 0.611765  1379.311436  -27804.101122  27804.101122
2.090000 0.614706  1300.064575  -26102.919519  26102.919519
2.100000 0.617647  1225.656147  -24512.636078  24512.636078
2.110000 0.620588  1155.771430  -23025.562627  23025.562627
2.120000 0.623529  1090.117475  -21634.576099  21634.576099
2.130000 0.626471  1028.421503  -20333.074639  20333.074639
2.140000 0.629412  970.429439  -19114.937297  19114.937297
2.150000 0.632353  915.904545  -17974.487006  17974.487006
2.160000 0.635294  864.626175  -16906.456561  16906.456561
2.170000 0.638235  816.388605  -15905.957351  15905.957351
2.180000 0.641176  770.999973  -14968.450597  14968.450597
2.190000 0.644118  728.281281  -14089.720898  14089.720898
2.200000 0.647059  688.065486  -13265.851881  13265.851881
2.210000 0.650000  650.196650  -12493.203783  12493.203783
2.220000 0.652941  614.529160  -11768.392808  11768.392808
2.230000 0.655882  580.927003  -11088.272100  11088.272100
2.240000 0.658824  549.263093  -10449.914212  10449.914212
2.250000 0.661765  519.418652  -9850.594941  9850.594941
2.260000 0.664706  491.282636  -9287.778413  9287.778413
2.270000 0.667647  464.751195  -8759.103328  8759.103328
2.280000 0.670588  439.727188  -8262.370260  8262.370260
2.290000 0.673529  416.119715  -7795.529928  7795.529928
2.300000 0.676471  393.843699  -7356.672367  7356.672367
2.310000 0.679412  372.819487  -6944.016922  6944.016922
2.320000 0.682353  352.972484  -6555.902992  6555.902992
2.330000 0.685294  334.232814  -6190.781484  6190.781484
2.340000 0.688235  316.535001  -5847.206895  5847.206895
2.350000 0.691176  299.817680  -5523.829997  5523.829997
2.360000 0.694118  284.023320  -5219.391059  5219.391059
2.370000 0.697059  269.097969  -4932.713577  4932.713577
2.380000 0.700000  254.991024  -4662.698464  4662.698464
2.390000 0.702941  241.655005  -4408.318665  4408.318665
2.400000 0.705882  229.045352  -4168.614174  4168.614174
2.410000 0.708824  217.120239  -3942.687407  3942.687407
2.420000 0.711765  205.840391  -3729.698913  3729.698913
2.430000 0.714706  195.168921  -3528.863399  3528.863399
2.440000 0.717647  185.071178  -3339.446039  3339.446039
2.450000 0.720588  175.514602  -3160.759045  3160.759045
2.460000 0.723529  166.468590  -2992.158490  2992.158490
2.470000 0.726471  157.904374  -2833.041351  2833.041351
2.480000 0.729412  149.794899  -2682.842764  2682.842764
2.490000 0.732353  142.114722  -2541.033477  2541.033477
2.500000 0.735294  134.839906  -2407.117475  2407.117475
2.510000 0.738235  127.947926  -2280.629778  2280.629778
2.520000 0.741176  121.417582  -2161.134388  2161.134388
2.530000 0.744118  115.228917  -2048.222384  2048.222384
2.540000 0.747059  109.363138  -1941.510144  1941.510144
2.550000 0.750000  103.802544  -1840.637693  1840.637693
2.560000 0.752941  98.530464  -1745.267162  1745.267162
2.570000 0.755882  93.531185  -1655.081360  1655.081360
2.580000 0.758824  88.789900  -1569.782432  1569.782432
2.590000 0.761765  84.292654  -1489.090615  1489.090615
2.600000 0.764706  80.026285  -1412.743083  1412.743083
2.610000 0.767647  75.978384  -1340.492859  1340.492859
2.620000 0.770588  72.137244  -1272.107808  1272.107808
2.630000 0.773529  68.491822  -1207.369695  1207.369695
2.640000 0.776471  65.031696  -1146.073309  1146.073309
2.650000 0.779412  61.747030  -1088.025639  1088.025639
2.660000 0.782353  58.628538  -1033.045110  1033.045110
2.670000 0.785294  55.667455  -980.960870  980.960870
2.680000 0.788235  52.855499  -931.612117  931.612117
2.690000 0.791176  50.184850  -884.847481  884.847481
2.700000 0.794118  47.648120  -840.524434  840.524434
2.710000 0.797059  45.238327  -798.508751  798.508751
2.720000 0.800000  42.948872  -758.673996  758.673996
2.730000 0.802941  40.773517  -720.901044  720.901044
2.740000 0.805882  38.706366  -685.077642  685.077642
2.750000 0.808824  36.741842  -651.097980  651.097980
2.760000 0.811765  34.874669  -618.862312  618.862312
2.770000 0.814706  33.099858  -588.276582  588.276582
2.780000 0.817647  31.412688  -559.252085  559.252085
2.790000 0.820588  29.808691  -531.705144  531.705144
2.800000 0.823529  28.283639  -505.556812  505.556812
2.810000 0.826471  26.833529  -480.732587  480.732587
2.820000 0.829412  25.454572  -457.162152  457.162152
2.830000 0.832353  24.143176  -434.779124  434.779124
2.840000 0.835294  22.895945  -413.520822  413.520822
2.850000 0.838235  21.709656  -393.328053  393.328053
2.860000 0.841176  20.581261  -374.144903  374.144903
2.870000 0.844118  19.507866  -355.918547  355.918547
2.880000 0.847059  18.486733  -338.599073  338.599073
2.890000 0.850000  17.515264  -322.139305  322.139305
2.900000 0.852941  16.590997  -306.494652  306.494652
2.910000 0.855882  15.711597  -291.622958  291.622958
2.920000 0.858824  14.874849  -277.484356  277.484356
2.930000 0.861765  14.078654  -264.041145  264.041145
2.940000 0.864706  13.321019  -251.257660  251.257660
2.950000 0.867647  12.600054  -239.100160  239.100160
2.960000 0.870588  11.913965  -227.536718  227.536718
2.970000 0.873529  11.261050  -216.537117  216.537117
2.980000 0.876471  10.639693  -206.072752  206.072752
2.990000 0.879412  10.048359  -196.116547  196.116547
3.000000 0.882353  9.485593  -186.642859  186.642859
3.010000 0.885294  8.950011  -177.627405  177.627405
3.020000 0.888235  8.440299  -169.047185  169.047185
3.030000 0.891176  7.955210  -160.880408  160.880408
3.040000 0.894118  7.493559  -153.106429  153.106429
3.050000 0.897059  7.054218  -145.705682  145.705682
3.060000 0.900000  6.636119  -138.659624  138.659624
3.070000 0.902941  6.238243  -131.950675  131.950675
3.080000 0.905882  5.859624  -125.562170  125.562170
3.090000 0.908824  5.499344  -119.478305  119.478305
3.100000 0.911765  5.156527  -113.684091  113.684091
3.110000 0.914706  4.830344  -108.165313  108.165313
3.120000 0.917647  4.520004  -102.908484  102.908484
3.130000 0.920588  4.224755  -97.900808  97.900808
3.140000 0.923529  3.943884  -93.130142  93.130142
3.150000 0.926471  3.676710  -88.584961  88.584961
3.160000 0.929412  3.422586  -84.254327  84.254327
3.170000 0.932353  3.180896  -80.127854  80.127854
3.180000 0.935294  2.951055  -76.195681  76.195681
3.190000 0.938235  2.732505  -72.448446  72.448446
3.200000 0.941176  2.524715  -68.877253  68.877253
3.210000 0.944118  2.327180  -65.473657  65.473657
3.220000 0.947059  2.139419  -62.229632  62.229632
3.230000 0.950000  1.960975  -59.137553  59.137553
3.240000 0.952941  1.791410  -56.190174  56.190174
3.250000 0.955882  1.630309  -53.380610  53.380610
3.260000 0.958824  1.477277  -50.702314  50.702314
3.270000 0.961765  1.331938  -48.149065  48.149065
3.280000 0.964706  1.193931  -45.714947  45.714947
3.290000 0.967647  1.062915  -43.394334  43.394334
3.300000 0.970588  0.938564  -41.181879  41.181879
3.310000 0.973529  0.820568  -39.072491  39.072491
3.320000 0.976471  0.708630  -37.061332  37.061332
3.330000 0.979412  0.602468  -35.143798  35.143798
3.340000 0.982353  0.501814  -33.315508  33.315508
3.350000 0.985294  0.406411  -31.572293  31.572293
3.360000 0.988235  0.316015  -29.910187  29.910187
3.370000 0.991176  0.230393  -28.325413  28.325413
3.380000 0.994118  0.149323  -26.814378  26.814378
3.390000 0.997059  0.072592  -25.373659  25.373659
3.400000 1.000000  0.000000  -24.000000  24.000000
3.410000 1.002941  -0.068647  -22.690298  22.690298
3.420000 1.005882  -0.133532  -21.441598  21.441598
3.430000 1.008824  -0.194831  -20.251087  20.251087
3.440000 1.011765  -0.252711  -19.116086  19.116086
3.450000 1.014706  -0.307330  -18.034040  18.034040
3.460000 1.017647  -0.358843  -17.002519  17.002519
3.470000 1.020588  -0.407393  -16.019203  16.019203
3.480000 1.023529  -0.453118  -15.081884  15.081884
3.490000 1.026471  -0.496153  -14.188458  14.188458
3.500000 1.029412  -0.536621  -13.336919  13.336919
3.510000 1.032353  -0.574644  -12.525355  12.525355
3.520000 1.035294  -0.610337  -11.751942  11.751942
3.530000 1.038235  -0.643809  -11.014942  11.014942
3.540000 1.041176  -0.675165  -10.312700  10.312700
3.550000 1.044118  -0.704504  -9.643633  9.643633
3.560000 1.047059  -0.731923  -9.006237  9.006237
3.570000 1.050000  -0.757512  -8.399073  8.399073
3.580000 1.052941  -0.781358  -7.820771  7.820771
3.590000 1.055882  -0.803543  -7.270023  7.270023
3.600000 1.058824  -0.824148  -6.745581  6.745581
3.610000 1.061765  -0.843248  -6.246257  6.246257
3.620000 1.064706  -0.860915  -5.770913  5.770913
3.630000 1.067647  -0.877217  -5.318467  5.318467
3.640000 1.070588  -0.892221  -4.887884  4.887884
3.650000 1.073529  -0.905990  -4.478178  4.478178
3.660000 1.076471  -0.918583  -4.088406  4.088406
3.670000 1.079412  -0.930058  -3.717670  3.717670
3.680000 1.082353  -0.940469  -3.365111  3.365111
3.690000 1.085294  -0.949870  -3.029910  3.029910
3.700000 1.088235  -0.958309  -2.711284  2.711284
3.710000 1.091176  -0.965834  -2.408487  2.408487
3.720000 1.094118  -0.972491  -2.120806  2.120806
3.730000 1.097059  -0.978323  -1.847559  1.847559
3.740000 1.100000  -0.983372  -1.588095  1.588095
3.750000 1.102941  -0.987678  -1.341795  1.341795
3.760000 1.105882  -0.991278  -1.108064  1.108064
3.770000 1.108824  -0.994208  -0.886335  0.886335
3.780000 1.111765  -0.996503  -0.676068  0.676068
3.790000 1.114706  -0.998195  -0.476745  0.476745
3.800000 1.117647  -0.999317  -0.287872  0.287872
3.810000 1.120588  -0.999898  -0.108977  0.108977
3.820000 1.123529  -0.999968  0.060390  -0.060390
3.830000 1.126471  -0.999552  0.220662  -0.220662
3.840000 1.129412  -0.998678  0.372249  -0.372249
3.850000 1.132353  -0.997371  0.515545  -0.515545
3.860000 1.135294  -0.995653  0.650927  -0.650927
3.870000 1.138235  -0.993549  0.778753  -0.778753
3.880000 1.141176  -0.991079  0.899367  -0.899367
3.890000 1.144118  -0.988265  1.013097  -1.013097
3.900000 1.147059  -0.985127  1.120257  -1.120257
3.910000 1.150000  -0.981682  1.221147  -1.221147
3.920000 1.152941  -0.977949  1.316054  -1.316054
3.930000 1.155882  -0.973946  1.405251  -1.405251
3.940000 1.158824  -0.969688  1.489001  -1.489001
3.950000 1.161765  -0.965192  1.567554  -1.567554
3.960000 1.164706  -0.960472  1.641150  -1.641150
3.970000 1.167647  -0.955543  1.710017  -1.710017
3.980000 1.170588  -0.950418  1.774374  -1.774374
3.990000 1.173529  -0.945110  1.834430  -1.834430
4.000000 1.176471  -0.939631  1.890386  -1.890386
4.010000 1.179412  -0.933994  1.942433  -1.942433
4.020000 1.182353  -0.928209  1.990753  -1.990753
4.030000 1.185294  -0.922287  2.035522  -2.035522
4.040000 1.188235  -0.916238  2.076906  -2.076906
4.050000 1.191176  -0.910073  2.115066  -2.115066
4.060000 1.194118  -0.903800  2.150154  -2.150154
4.070000 1.197059  -0.897428  2.182317  -2.182317
4.080000 1.200000  -0.890965  2.211693  -2.211693
4.090000 1.202941  -0.884420  2.238418  -2.238418
4.100000 1.205882  -0.877801  2.262618  -2.262618
4.110000 1.208824  -0.871113  2.284416  -2.284416
4.120000 1.211765  -0.864365  2.303928  -2.303928
4.130000 1.214706  -0.857563  2.321266  -2.321266
4.140000 1.217647  -0.850713  2.336538  -2.336538
4.150000 1.220588  -0.843820  2.349844  -2.349844
4.160000 1.223529  -0.836892  2.361284  -2.361284
4.170000 1.226471  -0.829932  2.370949  -2.370949
4.180000 1.229412  -0.822947  2.378930  -2.378930
4.190000 1.232353  -0.815940  2.385311  -2.385311
4.200000 1.235294  -0.808917  2.390175  -2.390175
4.210000 1.238235  -0.801882  2.393599  -2.393599
4.220000 1.241176  -0.794838  2.395657  -2.395657
4.230000 1.244118  -0.787791  2.396421  -2.396421
4.240000 1.247059  -0.780743  2.395960  -2.395960
4.250000 1.250000  -0.773698  2.394337  -2.394337
4.260000 1.252941  -0.766660  2.391616  -2.391616
4.270000 1.255882  -0.759631  2.387855  -2.387855
4.280000 1.258824  -0.752614  2.383112  -2.383112
4.290000 1.261765  -0.745613  2.377441  -2.377441
4.300000 1.264706  -0.738630  2.370894  -2.370894
4.310000 1.267647  -0.731668  2.363520  -2.363520
4.320000 1.270588  -0.724728  2.355366  -2.355366
4.330000 1.273529  -0.717813  2.346479  -2.346479
4.340000 1.276471  -0.710926  2.336900  -2.336900
4.350000 1.279412  -0.704068  2.326672  -2.326672
4.360000 1.282353  -0.697240  2.315834  -2.315834
4.370000 1.285294  -0.690446  2.304423  -2.304423
4.380000 1.288235  -0.683685  2.292475  -2.292475
4.390000 1.291176  -0.676961  2.280025  -2.280025
4.400000 1.294118  -0.670274  2.267105  -2.267105
4.410000 1.297059  -0.663625  2.253747  -2.253747
4.420000 1.300000  -0.657017  2.239980  -2.239980
4.430000 1.302941  -0.650449  2.225833  -2.225833
4.440000 1.305882  -0.643924  2.211333  -2.211333
4.450000 1.308824  -0.637442  2.196506  -2.196506
4.460000 1.311765  -0.631004  2.181376  -2.181376
4.470000 1.314706  -0.624611  2.165968  -2.165968
4.480000 1.317647  -0.618263  2.150303  -2.150303
4.490000 1.320588  -0.611962  2.134403  -2.134403
4.500000 1.323529  -0.605708  2.118288  -2.118288
4.510000 1.326471  -0.599502  2.101978  -2.101978
4.520000 1.329412  -0.593344  2.085492  -2.085492
4.530000 1.332353  -0.587234  2.068846  -2.068846
4.540000 1.335294  -0.581174  2.052057  -2.052057
4.550000 1.338235  -0.575163  2.035143  -2.035143
4.560000 1.341176  -0.569203  2.018117  -2.018117
4.570000 1.344118  -0.563292  2.000994  -2.000994
4.580000 1.347059  -0.557432  1.983788  -1.983788
4.590000 1.350000  -0.551623  1.966512  -1.966512
4.600000 1.352941  -0.545865  1.949178  -1.949178
4.610000 1.355882  -0.540157  1.931799  -1.931799
4.620000 1.358824  -0.534501  1.914385  -1.914385
4.630000 1.361765  -0.528896  1.896946  -1.896946
4.640000 1.364706  -0.523343  1.879494  -1.879494
4.650000 1.367647  -0.517840  1.862038  -1.862038
4.660000 1.370588  -0.512389  1.844586  -1.844586
4.670000 1.373529  -0.506990  1.827147  -1.827147
4.680000 1.376471  -0.501641  1.809729  -1.809729
4.690000 1.379412  -0.496344  1.792341  -1.792341
4.700000 1.382353  -0.491098  1.774989  -1.774989
4.710000 1.385294  -0.485903  1.757680  -1.757680
4.720000 1.388235  -0.480759  1.740421  -1.740421
4.730000 1.391176  -0.475665  1.723217  -1.723217
4.740000 1.394118  -0.470622  1.706075  -1.706075
4.750000 1.397059  -0.465630  1.689000  -1.689000
4.760000 1.400000  -0.460687  1.671997  -1.671997
4.770000 1.402941  -0.455794  1.655071  -1.655071
4.780000 1.405882  -0.450951  1.638226  -1.638226
4.790000 1.408824  -0.446157  1.621467  -1.621467
4.800000 1.411765  -0.441413  1.604798  -1.604798
4.810000 1.414706  -0.436717  1.588222  -1.588222
4.820000 1.417647  -0.432070  1.571743  -1.571743
4.830000 1.420588  -0.427472  1.555365  -1.555365
4.840000 1.423529  -0.422921  1.539089  -1.539089
4.850000 1.426471  -0.418418  1.522919  -1.522919
4.860000 1.429412  -0.413963  1.506858  -1.506858
4.870000 1.432353  -0.409554  1.490908  -1.490908
4.880000 1.435294  -0.405193  1.475072  -1.475072
4.890000 1.438235  -0.400877  1.459350  -1.459350
4.900000 1.441176  -0.396608  1.443746  -1.443746
4.910000 1.444118  -0.392384  1.428261  -1.428261
4.920000 1.447059  -0.388206  1.412897  -1.412897
4.930000 1.450000  -0.384073  1.397654  -1.397654
4.940000 1.452941  -0.379985  1.382535  -1.382535
4.950000 1.455882  -0.375941  1.367541  -1.367541
4.960000 1.458824  -0.371940  1.352672  -1.352672
4.970000 1.461765  -0.367983  1.337929  -1.337929
4.980000 1.464706  -0.364070  1.323314  -1.323314
4.990000 1.467647  -0.360199  1.308827  -1.308827
5.000000 1.470588  -0.356371  1.294469  -1.294469
5.010000 1.473529  -0.352585  1.280239  -1.280239
5.020000 1.476471  -0.348840  1.266139  -1.266139
5.030000 1.479412  -0.345137  1.252170  -1.252170
5.040000 1.482353  -0.341474  1.238330  -1.238330
5.050000 1.485294  -0.337852  1.224620  -1.224620
5.060000 1.488235  -0.334270  1.211041  -1.211041
5.070000 1.491176  -0.330728  1.197593  -1.197593
5.080000 1.494118  -0.327225  1.184275  -1.184275
5.090000 1.497059  -0.323762  1.171087  -1.171087
5.100000 1.500000  -0.320337  1.158029  -1.158029
5.110000 1.502941  -0.316950  1.145101  -1.145101
5.120000 1.505882  -0.313601  1.132302  -1.132302
5.130000 1.508824  -0.310289  1.119633  -1.119633
5.140000 1.511765  -0.307014  1.107093  -1.107093
5.150000 1.514706  -0.303777  1.094681  -1.094681
5.160000 1.517647  -0.300575  1.082396  -1.082396
5.170000 1.520588  -0.297409  1.070240  -1.070240
5.180000 1.523529  -0.294279  1.058210  -1.058210
5.190000 1.526471  -0.291184  1.046306  -1.046306
5.200000 1.529412  -0.288124  1.034528  -1.034528
5.210000 1.532353  -0.285099  1.022875  -1.022875
5.220000 1.535294  -0.282107  1.011346  -1.011346
5.230000 1.538235  -0.279150  0.999941  -0.999941
5.240000 1.541176  -0.276225  0.988659  -0.988659
5.250000 1.544118  -0.273334  0.977498  -0.977498
5.260000 1.547059  -0.270475  0.966459  -0.966459
5.270000 1.550000  -0.267649  0.955540  -0.955540
5.280000 1.552941  -0.264854  0.944741  -0.944741
5.290000 1.555882  -0.262091  0.934061  -0.934061
5.300000 1.558824  -0.259360  0.923499  -0.923499
5.310000 1.561765  -0.256659  0.913053  -0.913053
5.320000 1.564706  -0.253989  0.902724  -0.902724
5.330000 1.567647  -0.251349  0.892510  -0.892510
5.340000 1.570588  -0.248738  0.882410  -0.882410
5.350000 1.573529  -0.246158  0.872424  -0.872424
5.360000 1.576471  -0.243606  0.862550  -0.862550
5.370000 1.579412  -0.241084  0.852787  -0.852787
5.380000 1.582353  -0.238590  0.843135  -0.843135
5.390000 1.585294  -0.236124  0.833592  -0.833592
5.400000 1.588235  -0.233686  0.824158  -0.824158
5.410000 1.591176  -0.231276  0.814832  -0.814832
5.420000 1.594118  -0.228893  0.805612  -0.805612
5.430000 1.597059  -0.226537  0.796498  -0.796498
5.440000 1.600000  -0.224208  0.787488  -0.787488
5.450000 1.602941  -0.221905  0.778582  -0.778582
5.460000 1.605882  -0.219628  0.769779  -0.769779
5.470000 1.608824  -0.217376  0.761077  -0.761077
5.480000 1.611765  -0.215151  0.752476  -0.752476
5.490000 1.614706  -0.212950  0.743975  -0.743975
5.500000 1.617647  -0.210774  0.735572  -0.735572
5.510000 1.620588  -0.208623  0.727267  -0.727267
5.520000 1.623529  -0.206496  0.719059  -0.719059
5.530000 1.626471  -0.204393  0.710947  -0.710947
5.540000 1.629412  -0.202314  0.702929  -0.702929
5.550000 1.632353  -0.200258  0.695005  -0.695005
5.560000 1.635294  -0.198226  0.687173  -0.687173
5.570000 1.638235  -0.196216  0.679434  -0.679434
5.580000 1.641176  -0.194229  0.671785  -0.671785
5.590000 1.644118  -0.192264  0.664226  -0.664226
5.600000 1.647059  -0.190322  0.656756  -0.656756
5.610000 1.650000  -0.188401  0.649373  -0.649373
5.620000 1.652941  -0.186502  0.642078  -0.642078
5.630000 1.655882  -0.184624  0.634869  -0.634869
5.640000 1.658824  -0.182767  0.627744  -0.627744
5.650000 1.661765  -0.180931  0.620704  -0.620704
5.660000 1.664706  -0.179116  0.613747  -0.613747
5.670000 1.667647  -0.177321  0.606873  -0.606873
5.680000 1.670588  -0.175546  0.600079  -0.600079
5.690000 1.673529  -0.173791  0.593366  -0.593366
5.700000 1.676471  -0.172055  0.586733  -0.586733
5.710000 1.679412  -0.170339  0.580178  -0.580178
5.720000 1.682353  -0.168643  0.573701  -0.573701
5.730000 1.685294  -0.166965  0.567300  -0.567300
5.740000 1.688235  -0.165305  0.560976  -0.560976
5.750000 1.691176  -0.163665  0.554727  -0.554727
5.760000 1.694118  -0.162042  0.548551  -0.548551
5.770000 1.697059  -0.160438  0.542450  -0.542450
5.780000 1.700000  -0.158851  0.536420  -0.536420
5.790000 1.702941  -0.157282  0.530463  -0.530463
5.800000 1.705882  -0.155731  0.524576  -0.524576
5.810000 1.708824  -0.154197  0.518759  -0.518759
5.820000 1.711765  -0.152679  0.513011  -0.513011
5.830000 1.714706  -0.151179  0.507332  -0.507332
5.840000 1.717647  -0.149695  0.501720  -0.501720
5.850000 1.720588  -0.148227  0.496174  -0.496174
5.860000 1.723529  -0.146776  0.490695  -0.490695
5.870000 1.726471  -0.145341  0.485281  -0.485281
5.880000 1.729412  -0.143921  0.479931  -0.479931
5.890000 1.732353  -0.142518  0.474645  -0.474645
5.900000 1.735294  -0.141129  0.469422  -0.469422
5.910000 1.738235  -0.139756  0.464261  -0.464261
5.920000 1.741176  -0.138398  0.459161  -0.459161
5.930000 1.744118  -0.137055  0.454122  -0.454122
5.940000 1.747059  -0.135727  0.449142  -0.449142
5.950000 1.750000  -0.134413  0.444222  -0.444222
5.960000 1.752941  -0.133114  0.439360  -0.439360
5.970000 1.755882  -0.131829  0.434556  -0.434556
5.980000 1.758824  -0.130558  0.429809  -0.429809
5.990000 1.761765  -0.129300  0.425119  -0.425119
6.000000 1.764706  -0.128057  0.420484  -0.420484
6.010000 1.767647  -0.126827  0.415903  -0.415903
6.020000 1.770588  -0.125610  0.411378  -0.411378
6.030000 1.773529  -0.124407  0.406906  -0.406906
6.040000 1.776471  -0.123217  0.402486  -0.402486
6.050000 1.779412  -0.122039  0.398120  -0.398120
6.060000 1.782353  -0.120875  0.393804  -0.393804
6.070000 1.785294  -0.119723  0.389540  -0.389540
6.080000 1.788235  -0.118583  0.385327  -0.385327
6.090000 1.791176  -0.117456  0.381163  -0.381163
6.100000 1.794118  -0.116341  0.377048  -0.377048
6.110000 1.797059  -0.115238  0.372982  -0.372982
6.120000 1.800000  -0.114147  0.368964  -0.368964
6.130000 1.802941  -0.113068  0.364994  -0.364994
6.140000 1.805882  -0.112000  0.361070  -0.361070
6.150000 1.808824  -0.110944  0.357193  -0.357193
6.160000 1.811765  -0.109899  0.353361  -0.353361
6.170000 1.814706  -0.108865  0.349574  -0.349574
6.180000 1.817647  -0.107842  0.345832  -0.345832
6.190000 1.820588  -0.106831  0.342134  -0.342134
6.200000 1.823529  -0.105830  0.338479  -0.338479
6.210000 1.826471  -0.104840  0.334867  -0.334867
6.220000 1.829412  -0.103860  0.331298  -0.331298
6.230000 1.832353  -0.102891  0.327771  -0.327771
6.240000 1.835294  -0.101932  0.324284  -0.324284
6.250000 1.838235  -0.100983  0.320839  -0.320839
6.260000 1.841176  -0.100045  0.317434  -0.317434
6.270000 1.844118  -0.099116  0.314069  -0.314069
6.280000 1.847059  -0.098197  0.310743  -0.310743
6.290000 1.850000  -0.097288  0.307457  -0.307457
6.300000 1.852941  -0.096388  0.304208  -0.304208
6.310000 1.855882  -0.095498  0.300997  -0.300997
6.320000 1.858824  -0.094618  0.297824  -0.297824
6.330000 1.861765  -0.093747  0.294688  -0.294688
6.340000 1.864706  -0.092884  0.291588  -0.291588
6.350000 1.867647  -0.092031  0.288525  -0.288525
6.360000 1.870588  -0.091187  0.285497  -0.285497
6.370000 1.873529  -0.090352  0.282504  -0.282504
6.380000 1.876471  -0.089525  0.279546  -0.279546
6.390000 1.879412  -0.088707  0.276622  -0.276622
6.400000 1.882353  -0.087898  0.273732  -0.273732
6.410000 1.885294  -0.087097  0.270876  -0.270876
6.420000 1.888235  -0.086305  0.268052  -0.268052
6.430000 1.891176  -0.085520  0.265261  -0.265261
6.440000 1.894118  -0.084744  0.262503  -0.262503
6.450000 1.897059  -0.083976  0.259776  -0.259776
6.460000 1.900000  -0.083216  0.257081  -0.257081
6.470000 1.902941  -0.082464  0.254416  -0.254416
6.480000 1.905882  -0.081720  0.251783  -0.251783
6.490000 1.908824  -0.080983  0.249180  -0.249180
6.500000 1.911765  -0.080254  0.246606  -0.246606
6.510000 1.914706  -0.079532  0.244062  -0.244062
6.520000 1.917647  -0.078818  0.241548  -0.241548
6.530000 1.920588  -0.078111  0.239062  -0.239062
6.540000 1.923529  -0.077412  0.236605  -0.236605
6.550000 1.926471  -0.076719  0.234175  -0.234175
6.560000 1.929412  -0.076034  0.231774  -0.231774
6.570000 1.932353  -0.075356  0.229400  -0.229400
6.580000 1.935294  -0.074685  0.227053  -0.227053
6.590000 1.938235  -0.074020  0.224733  -0.224733
6.600000 1.941176  -0.073363  0.222439  -0.222439
6.610000 1.944118  -0.072712  0.220171  -0.220171
6.620000 1.947059  -0.072068  0.217929  -0.217929
6.630000 1.950000  -0.071430  0.215713  -0.215713
6.640000 1.952941  -0.070799  0.213522  -0.213522
6.650000 1.955882  -0.070174  0.211355  -0.211355
6.660000 1.958824  -0.069555  0.209213  -0.209213
6.670000 1.961765  -0.068943  0.207096  -0.207096
6.680000 1.964706  -0.068337  0.205002  -0.205002
6.690000 1.967647  -0.067737  0.202932  -0.202932
6.700000 1.970588  -0.067143  0.200885  -0.200885
6.710000 1.973529  -0.066556  0.198861  -0.198861
6.720000 1.976471  -0.065974  0.196860  -0.196860
6.730000 1.979412  -0.065398  0.194882  -0.194882
6.740000 1.982353  -0.064827  0.192926  -0.192926
6.750000 1.985294  -0.064263  0.190992  -0.190992
6.760000 1.988235  -0.063704  0.189079  -0.189079
6.770000 1.991176  -0.063150  0.187188  -0.187188
6.780000 1.994118  -0.062603  0.185318  -0.185318
6.790000 1.997059  -0.062060  0.183469  -0.183469
6.800000 2.000000  -0.061523  0.181641  -0.181641
6.810000 2.002941  -0.060992  0.179833  -0.179833
6.820000 2.005882  -0.060466  0.178045  -0.178045
6.830000 2.008824  -0.059945  0.176277  -0.176277
6.840000 2.011765  -0.059429  0.174529  -0.174529
6.850000 2.014706  -0.058918  0.172800  -0.172800
6.860000 2.017647  -0.058412  0.171090  -0.171090
6.870000 2.020588  -0.057911  0.169400  -0.169400
6.880000 2.023529  -0.057416  0.167728  -0.167728
6.890000 2.026471  -0.056925  0.166074  -0.166074
6.900000 2.029412  -0.056439  0.164439  -0.164439
6.910000 2.032353  -0.055957  0.162822  -0.162822
6.920000 2.035294  -0.055481  0.161223  -0.161223
6.930000 2.038235  -0.055009  0.159641  -0.159641
6.940000 2.041176  -0.054542  0.158077  -0.158077
6.950000 2.044118  -0.054079  0.156530  -0.156530
6.960000 2.047059  -0.053621  0.155000  -0.155000
6.970000 2.050000  -0.053167  0.153487  -0.153487
6.980000 2.052941  -0.052718  0.151990  -0.151990
6.990000 2.055882  -0.052273  0.150510  -0.150510
7.000000 2.058824  -0.051833  0.149046  -0.149046
7.010000 2.061765  -0.051397  0.147598  -0.147598
7.020000 2.064706  -0.050965  0.146166  -0.146166
7.030000 2.067647  -0.050537  0.144749  -0.144749
7.040000 2.070588  -0.050113  0.143348  -0.143348
7.050000 2.073529  -0.049694  0.141962  -0.141962
7.060000 2.076471  -0.049278  0.140591  -0.140591
7.070000 2.079412  -0.048867  0.139235  -0.139235
7.080000 2.082353  -0.048459  0.137894  -0.137894
7.090000 2.085294  -0.048055  0.136567  -0.136567
7.100000 2.088235  -0.047656  0.135255  -0.135255
7.110000 2.091176  -0.047260  0.133956  -0.133956
7.120000 2.094118  -0.046868  0.132672  -0.132672
7.130000 2.097059  -0.046479  0.131402  -0.131402
7.140000 2.100000  -0.046095  0.130145  -0.130145
7.150000 2.102941  -0.045714  0.128902  -0.128902
7.160000 2.105882  -0.045336  0.127673  -0.127673
7.170000 2.108824  -0.044963  0.126456  -0.126456
7.180000 2.111765  -0.044593  0.125253  -0.125253
7.190000 2.114706  -0.044226  0.124062  -0.124062
7.200000 2.117647  -0.043863  0.122884  -0.122884
7.210000 2.120588  -0.043503  0.121719  -0.121719
7.220000 2.123529  -0.043147  0.120566  -0.120566
7.230000 2.126471  -0.042794  0.119426  -0.119426
7.240000 2.129412  -0.042444  0.118298  -0.118298
7.250000 2.132353  -0.042098  0.117181  -0.117181
7.260000 2.135294  -0.041755  0.116077  -0.116077
7.270000 2.138235  -0.041415  0.114984  -0.114984
7.280000 2.141176  -0.041079  0.113903  -0.113903
7.290000 2.144118  -0.040745  0.112833  -0.112833
7.300000 2.147059  -0.040415  0.111775  -0.111775
7.310000 2.150000  -0.040088  0.110728  -0.110728
7.320000 2.152941  -0.039763  0.109692  -0.109692
7.330000 2.155882  -0.039442  0.108667  -0.108667
7.340000 2.158824  -0.039124  0.107653  -0.107653
7.350000 2.161765  -0.038809  0.106649  -0.106649
7.360000 2.164706  -0.038497  0.105656  -0.105656
7.370000 2.167647  -0.038188  0.104673  -0.104673
7.380000 2.170588  -0.037881  0.103701  -0.103701
7.390000 2.173529  -0.037578  0.102739  -0.102739
7.400000 2.176471  -0.037277  0.101787  -0.101787
7.410000 2.179412  -0.036979  0.100845  -0.100845
7.420000 2.182353  -0.036684  0.099913  -0.099913
7.430000 2.185294  -0.036391  0.098990  -0.098990
7.440000 2.188235  -0.036101  0.098077  -0.098077
7.450000 2.191176  -0.035814  0.097174  -0.097174
7.460000 2.194118  -0.035530  0.096280  -0.096280
7.470000 2.197059  -0.035248  0.095395  -0.095395
7.480000 2.200000  -0.034968  0.094520  -0.094520
7.490000 2.202941  -0.034692  0.093653  -0.093653
7.500000 2.205882  -0.034418  0.092796  -0.092796
7.510000 2.208824  -0.034146  0.091947  -0.091947
7.520000 2.211765  -0.033877  0.091108  -0.091108
7.530000 2.214706  -0.033610  0.090277  -0.090277
7.540000 2.217647  -0.033346  0.089454  -0.089454
7.550000 2.220588  -0.033084  0.088640  -0.088640
7.560000 2.223529  -0.032824  0.087834  -0.087834
7.570000 2.226471  -0.032567  0.087037  -0.087037
7.580000 2.229412  -0.032312  0.086248  -0.086248
7.590000 2.232353  -0.032060  0.085466  -0.085466
7.600000 2.235294  -0.031809  0.084693  -0.084693
7.610000 2.238235  -0.031561  0.083928  -0.083928
7.620000 2.241176  -0.031316  0.083171  -0.083171
7.630000 2.244118  -0.031072  0.082421  -0.082421
7.640000 2.247059  -0.030831  0.081679  -0.081679
7.650000 2.250000  -0.030592  0.080944  -0.080944
7.660000 2.252941  -0.030355  0.080217  -0.080217
7.670000 2.255882  -0.030120  0.079498  -0.079498
7.680000 2.258824  -0.029887  0.078785  -0.078785
7.690000 2.261765  -0.029656  0.078080  -0.078080
7.700000 2.264706  -0.029428  0.077382  -0.077382
7.710000 2.267647  -0.029201  0.076692  -0.076692
7.720000 2.270588  -0.028977  0.076008  -0.076008
7.730000 2.273529  -0.028754  0.075331  -0.075331
7.740000 2.276471  -0.028534  0.074660  -0.074660
7.750000 2.279412  -0.028315  0.073997  -0.073997
7.760000 2.282353  -0.028098  0.073340  -0.073340
7.770000 2.285294  -0.027884  0.072690  -0.072690
7.780000 2.288235  -0.027671  0.072047  -0.072047
7.790000 2.291176  -0.027460  0.071409  -0.071409
7.800000 2.294118  -0.027251  0.070779  -0.070779
7.810000 2.297059  -0.027043  0.070154  -0.070154
7.820000 2.300000  -0.026838  0.069536  -0.069536
7.830000 2.302941  -0.026634  0.068924  -0.068924
7.840000 2.305882  -0.026433  0.068318  -0.068318
7.850000 2.308824  -0.026232  0.067718  -0.067718
7.860000 2.311765  -0.026034  0.067124  -0.067124
7.870000 2.314706  -0.025838  0.066536  -0.066536
7.880000 2.317647  -0.025643  0.065954  -0.065954
7.890000 2.320588  -0.025450  0.065377  -0.065377
7.900000 2.323529  -0.025258  0.064807  -0.064807
7.910000 2.326471  -0.025068  0.064241  -0.064241
7.920000 2.329412  -0.024880  0.063682  -0.063682
7.930000 2.332353  -0.024694  0.063128  -0.063128
7.940000 2.335294  -0.024509  0.062579  -0.062579
7.950000 2.338235  -0.024326  0.062036  -0.062036
7.960000 2.341176  -0.024144  0.061499  -0.061499
7.970000 2.344118  -0.023964  0.060966  -0.060966
7.980000 2.347059  -0.023785  0.060439  -0.060439
7.990000 2.350000  -0.023608  0.059917  -0.059917
8.000000 2.352941  -0.023433  0.059400  -0.059400
8.010000 2.355882  -0.023259  0.058888  -0.058888
8.020000 2.358824  -0.023087  0.058381  -0.058381
8.030000 2.361765  -0.022916  0.057879  -0.057879
8.040000 2.364706  -0.022746  0.057382  -0.057382
8.050000 2.367647  -0.022578  0.056890  -0.056890
8.060000 2.370588  -0.022411  0.056402  -0.056402
8.070000 2.373529  -0.022246  0.055920  -0.055920
8.080000 2.376471  -0.022082  0.055442  -0.055442
8.090000 2.379412  -0.021920  0.054968  -0.054968
8.100000 2.382353  -0.021759  0.054499  -0.054499
8.110000 2.385294  -0.021600  0.054035  -0.054035
8.120000 2.388235  -0.021441  0.053575  -0.053575
8.130000 2.391176  -0.021284  0.053120  -0.053120
8.140000 2.394118  -0.021129  0.052669  -0.052669
8.150000 2.397059  -0.020975  0.052222  -0.052222
8.160000 2.400000  -0.020822  0.051780  -0.051780
8.170000 2.402941  -0.020670  0.051342  -0.051342
8.180000 2.405882  -0.020520  0.050908  -0.050908
8.190000 2.408824  -0.020370  0.050479  -0.050479
8.200000 2.411765  -0.020223  0.050053  -0.050053
8.210000 2.414706  -0.020076  0.049632  -0.049632
8.220000 2.417647  -0.019931  0.049214  -0.049214
8.230000 2.420588  -0.019787  0.048801  -0.048801
8.240000 2.423529  -0.019644  0.048391  -0.048391
8.250000 2.426471  -0.019502  0.047985  -0.047985
8.260000 2.429412  -0.019361  0.047584  -0.047584
8.270000 2.432353  -0.019222  0.047186  -0.047186
8.280000 2.435294  -0.019084  0.046792  -0.046792
8.290000 2.438235  -0.018947  0.046401  -0.046401
8.300000 2.441176  -0.018811  0.046014  -0.046014
8.310000 2.444118  -0.018676  0.045631  -0.045631
8.320000 2.447059  -0.018542  0.045252  -0.045252
8.330000 2.450000  -0.018410  0.044876  -0.044876
8.340000 2.452941  -0.018278  0.044504  -0.044504
8.350000 2.455882  -0.018148  0.044135  -0.044135
8.360000 2.458824  -0.018019  0.043769  -0.043769
8.370000 2.461765  -0.017891  0.043408  -0.043408
8.380000 2.464706  -0.017763  0.043049  -0.043049
8.390000 2.467647  -0.017637  0.042694  -0.042694
8.400000 2.470588  -0.017512  0.042342  -0.042342
8.410000 2.473529  -0.017388  0.041994  -0.041994
8.420000 2.476471  -0.017265  0.041648  -0.041648
8.430000 2.479412  -0.017143  0.041306  -0.041306
8.440000 2.482353  -0.017022  0.040967  -0.040967
8.450000 2.485294  -0.016902  0.040632  -0.040632
8.460000 2.488235  -0.016783  0.040299  -0.040299
8.470000 2.491176  -0.016665  0.039970  -0.039970
8.480000 2.494118  -0.016548  0.039643  -0.039643
8.490000 2.497059  -0.016432  0.039320  -0.039320
8.500000 2.500000  -0.016317  0.038999  -0.038999
8.510000 2.502941  -0.016203  0.038682  -0.038682
8.520000 2.505882  -0.016089  0.038368  -0.038368
8.530000 2.508824  -0.015977  0.038056  -0.038056
8.540000 2.511765  -0.015865  0.037747  -0.037747
8.550000 2.514706  -0.015755  0.037441  -0.037441
8.560000 2.517647  -0.015645  0.037138  -0.037138
8.570000 2.520588  -0.015536  0.036838  -0.036838
8.580000 2.523529  -0.015429  0.036541  -0.036541
8.590000 2.526471  -0.015322  0.036246  -0.036246
8.600000 2.529412  -0.015215  0.035954  -0.035954
8.610000 2.532353  -0.015110  0.035664  -0.035664
8.620000 2.535294  -0.015006  0.035378  -0.035378
8.630000 2.538235  -0.014902  0.035094  -0.035094
8.640000 2.541176  -0.014799  0.034812  -0.034812
8.650000 2.544118  -0.014697  0.034533  -0.034533
8.660000 2.547059  -0.014596  0.034257  -0.034257
8.670000 2.550000  -0.014496  0.033983  -0.033983
8.680000 2.552941  -0.014396  0.033711  -0.033711
8.690000 2.555882  -0.014297  0.033442  -0.033442
8.700000 2.558824  -0.014199  0.033176  -0.033176
8.710000 2.561765  -0.014102  0.032912  -0.032912
8.720000 2.564706  -0.014006  0.032650  -0.032650
8.730000 2.567647  -0.013910  0.032391  -0.032391
8.740000 2.570588  -0.013815  0.032134  -0.032134
8.750000 2.573529  -0.013721  0.031879  -0.031879
8.760000 2.576471  -0.013628  0.031627  -0.031627
8.770000 2.579412  -0.013535  0.031377  -0.031377
8.780000 2.582353  -0.013443  0.031129  -0.031129
8.790000 2.585294  -0.013352  0.030883  -0.030883
8.800000 2.588235  -0.013261  0.030640  -0.030640
8.810000 2.591176  -0.013172  0.030399  -0.030399
8.820000 2.594118  -0.013083  0.030159  -0.030159
8.830000 2.597059  -0.012994  0.029923  -0.029923
8.840000 2.600000  -0.012907  0.029688  -0.029688
8.850000 2.602941  -0.012820  0.029455  -0.029455
8.860000 2.605882  -0.012733  0.029224  -0.029224
8.870000 2.608824  -0.012648  0.028996  -0.028996
8.880000 2.611765  -0.012563  0.028769  -0.028769
8.890000 2.614706  -0.012478  0.028545  -0.028545
8.900000 2.617647  -0.012395  0.028322  -0.028322
8.910000 2.620588  -0.012312  0.028102  -0.028102
8.920000 2.623529  -0.012230  0.027883  -0.027883
8.930000 2.626471  -0.012148  0.027666  -0.027666
8.940000 2.629412  -0.012067  0.027451  -0.027451
8.950000 2.632353  -0.011986  0.027239  -0.027239
8.960000 2.635294  -0.011907  0.027028  -0.027028
8.970000 2.638235  -0.011827  0.026818  -0.026818
8.980000 2.641176  -0.011749  0.026611  -0.026611
8.990000 2.644118  -0.011671  0.026406  -0.026406
9.000000 2.647059  -0.011593  0.026202  -0.026202
9.010000 2.650000  -0.011517  0.026000  -0.026000
9.020000 2.652941  -0.011441  0.025800  -0.025800
9.030000 2.655882  -0.011365  0.025602  -0.025602
9.040000 2.658824  -0.011290  0.025405  -0.025405
9.050000 2.661765  -0.011216  0.025210  -0.025210
9.060000 2.664706  -0.011142  0.025017  -0.025017
9.070000 2.667647  -0.011068  0.024825  -0.024825
9.080000 2.670588  -0.010996  0.024636  -0.024636
9.090000 2.673529  -0.010923  0.024447  -0.024447
9.100000 2.676471  -0.010852  0.024261  -0.024261
9.110000 2.679412  -0.010781  0.024076  -0.024076
9.120000 2.682353  -0.010710  0.023892  -0.023892
9.130000 2.685294  -0.010640  0.023711  -0.023711
9.140000 2.688235  -0.010571  0.023531  -0.023531
9.150000 2.691176  -0.010502  0.023352  -0.023352
9.160000 2.694118  -0.010433  0.023175  -0.023175
9.170000 2.697059  -0.010365  0.022999  -0.022999
9.180000 2.700000  -0.010298  0.022825  -0.022825
9.190000 2.702941  -0.010231  0.022653  -0.022653
9.200000 2.705882  -0.010165  0.022482  -0.022482
9.210000 2.708824  -0.010099  0.022312  -0.022312
9.220000 2.711765  -0.010034  0.022144  -0.022144
9.230000 2.714706  -0.009969  0.021977  -0.021977
9.240000 2.717647  -0.009904  0.021812  -0.021812
9.250000 2.720588  -0.009840  0.021648  -0.021648
9.260000 2.723529  -0.009777  0.021486  -0.021486
9.270000 2.726471  -0.009714  0.021325  -0.021325
9.280000 2.729412  -0.009651  0.021165  -0.021165
9.290000 2.732353  -0.009589  0.021007  -0.021007
9.300000 2.735294  -0.009528  0.020850  -0.020850
9.310000 2.738235  -0.009467  0.020694  -0.020694
9.320000 2.741176  -0.009406  0.020540  -0.020540
9.330000 2.744118  -0.009346  0.020387  -0.020387
9.340000 2.747059  -0.009286  0.020235  -0.020235
9.350000 2.750000  -0.009227  0.020085  -0.020085
9.360000 2.752941  -0.009168  0.019936  -0.019936
9.370000 2.755882  -0.009110  0.019788  -0.019788
9.380000 2.758824  -0.009052  0.019641  -0.019641
9.390000 2.761765  -0.008994  0.019496  -0.019496
9.400000 2.764706  -0.008937  0.019352  -0.019352
9.410000 2.767647  -0.008880  0.019209  -0.019209
9.420000 2.770588  -0.008824  0.019067  -0.019067
9.430000 2.773529  -0.008768  0.018926  -0.018926
9.440000 2.776471  -0.008713  0.018787  -0.018787
9.450000 2.779412  -0.008658  0.018649  -0.018649
9.460000 2.782353  -0.008603  0.018512  -0.018512
9.470000 2.785294  -0.008549  0.018376  -0.018376
9.480000 2.788235  -0.008495  0.018241  -0.018241
9.490000 2.791176  -0.008441  0.018108  -0.018108
9.500000 2.794118  -0.008388  0.017975  -0.017975
9.510000 2.797059  -0.008336  0.017844  -0.017844
9.520000 2.800000  -0.008283  0.017713  -0.017713
9.530000 2.802941  -0.008232  0.017584  -0.017584
9.540000 2.805882  -0.008180  0.017456  -0.017456
9.550000 2.808824  -0.008129  0.017329  -0.017329
9.560000 2.811765  -0.008078  0.017203  -0.017203
9.570000 2.814706  -0.008028  0.017078  -0.017078
9.580000 2.817647  -0.007978  0.016954  -0.016954
9.590000 2.820588  -0.007928  0.016831  -0.016831
9.600000 2.823529  -0.007879  0.016709  -0.016709
9.610000 2.826471  -0.007830  0.016588  -0.016588
9.620000 2.829412  -0.007781  0.016468  -0.016468
9.630000 2.832353  -0.007733  0.016349  -0.016349
9.640000 2.835294  -0.007685  0.016231  -0.016231
9.650000 2.838235  -0.007637  0.016114  -0.016114
9.660000 2.841176  -0.007590  0.015998  -0.015998
9.670000 2.844118  -0.007543  0.015883  -0.015883
9.680000 2.847059  -0.007497  0.015769  -0.015769
9.690000 2.850000  -0.007450  0.015656  -0.015656
9.700000 2.852941  -0.007405  0.015543  -0.015543
9.710000 2.855882  -0.007359  0.015432  -0.015432
9.720000 2.858824  -0.007314  0.015322  -0.015322
9.730000 2.861765  -0.007269  0.015212  -0.015212
9.740000 2.864706  -0.007224  0.015103  -0.015103
9.750000 2.867647  -0.007180  0.014996  -0.014996
9.760000 2.870588  -0.007136  0.014889  -0.014889
9.770000 2.873529  -0.007092  0.014783  -0.014783
9.780000 2.876471  -0.007049  0.014678  -0.014678
9.790000 2.879412  -0.007006  0.014573  -0.014573
9.800000 2.882353  -0.006963  0.014470  -0.014470
9.810000 2.885294  -0.006921  0.014367  -0.014367
9.820000 2.888235  -0.006879  0.014265  -0.014265
9.830000 2.891176  -0.006837  0.014164  -0.014164
9.840000 2.894118  -0.006796  0.014064  -0.014064
9.850000 2.897059  -0.006754  0.013965  -0.013965
9.860000 2.900000  -0.006713  0.013866  -0.013866
9.870000 2.902941  -0.006673  0.013769  -0.013769
9.880000 2.905882  -0.006632  0.013672  -0.013672
9.890000 2.908824  -0.006592  0.013575  -0.013575
9.900000 2.911765  -0.006553  0.013480  -0.013480
9.910000 2.914706  -0.006513  0.013385  -0.013385
9.920000 2.917647  -0.006474  0.013291  -0.013291
9.930000 2.920588  -0.006435  0.013198  -0.013198
9.940000 2.923529  -0.006396  0.013106  -0.013106
9.950000 2.926471  -0.006358  0.013014  -0.013014
9.960000 2.929412  -0.006320  0.012923  -0.012923
9.970000 2.932353  -0.006282  0.012833  -0.012833
9.980000 2.935294  -0.006244  0.012744  -0.012744
9.990000 2.938235  -0.006207  0.012655  -0.012655
10.000000 2.941176  -0.006170  0.012567  -0.012567
10.010000 2.944118  -0.006133  0.012479  -0.012479
10.020000 2.947059  -0.006096  0.012393  -0.012393
10.030000 2.950000  -0.006060  0.012307  -0.012307
10.040000 2.952941  -0.006024  0.012221  -0.012221
10.050000 2.955882  -0.005988  0.012137  -0.012137
10.060000 2.958824  -0.005952  0.012053  -0.012053
10.070000 2.961765  -0.005917  0.011969  -0.011969
10.080000 2.964706  -0.005882  0.011887  -0.011887
10.090000 2.967647  -0.005847  0.011805  -0.011805
10.100000 2.970588  -0.005813  0.011723  -0.011723
10.110000 2.973529  -0.005778  0.011643  -0.011643
10.120000 2.976471  -0.005744  0.011562  -0.011562
10.130000 2.979412  -0.005710  0.011483  -0.011483
10.140000 2.982353  -0.005677  0.011404  -0.011404
10.150000 2.985294  -0.005643  0.011326  -0.011326
10.160000 2.988235  -0.005610  0.011248  -0.011248
10.170000 2.991176  -0.005577  0.011171  -0.011171
10.180000 2.994118  -0.005544  0.011095  -0.011095
10.190000 2.997059  -0.005512  0.011019  -0.011019
10.200000 3.000000  -0.005479  0.010944  -0.010944
10.210000 3.002941  -0.005447  0.010869  -0.010869
10.220000 3.005882  -0.005416  0.010795  -0.010795
10.230000 3.008824  -0.005384  0.010722  -0.010722
10.240000 3.011765  -0.005352  0.010649  -0.010649
10.250000 3.014706  -0.005321  0.010576  -0.010576
10.260000 3.017647  -0.005290  0.010505  -0.010505
10.270000 3.020588  -0.005259  0.010433  -0.010433
10.280000 3.023529  -0.005229  0.010363  -0.010363
10.290000 3.026471  -0.005198  0.010293  -0.010293
10.300000 3.029412  -0.005168  0.010223  -0.010223
10.310000 3.032353  -0.005138  0.010154  -0.010154
10.320000 3.035294  -0.005109  0.010085  -0.010085
10.330000 3.038235  -0.005079  0.010017  -0.010017
10.340000 3.041176  -0.005050  0.009950  -0.009950
10.350000 3.044118  -0.005020  0.009883  -0.009883
10.360000 3.047059  -0.004992  0.009817  -0.009817
10.370000 3.050000  -0.004963  0.009751  -0.009751
10.380000 3.052941  -0.004934  0.009685  -0.009685
10.390000 3.055882  -0.004906  0.009620  -0.009620
10.400000 3.058824  -0.004878  0.009556  -0.009556
10.410000 3.061765  -0.004850  0.009492  -0.009492
10.420000 3.064706  -0.004822  0.009428  -0.009428
10.430000 3.067647  -0.004794  0.009365  -0.009365
10.440000 3.070588  -0.004767  0.009303  -0.009303
10.450000 3.073529  -0.004739  0.009241  -0.009241
10.460000 3.076471  -0.004712  0.009179  -0.009179
10.470000 3.079412  -0.004685  0.009118  -0.009118
10.480000 3.082353  -0.004659  0.009058  -0.009058
10.490000 3.085294  -0.004632  0.008998  -0.008998
10.500000 3.088235  -0.004606  0.008938  -0.008938
10.510000 3.091176  -0.004580  0.008879  -0.008879
10.520000 3.094118  -0.004553  0.008820  -0.008820
10.530000 3.097059  -0.004528  0.008762  -0.008762
10.540000 3.100000  -0.004502  0.008704  -0.008704
10.550000 3.102941  -0.004476  0.008646  -0.008646
10.560000 3.105882  -0.004451  0.008589  -0.008589
10.570000 3.108824  -0.004426  0.008532  -0.008532
10.580000 3.111765  -0.004401  0.008476  -0.008476
10.590000 3.114706  -0.004376  0.008421  -0.008421
10.600000 3.117647  -0.004351  0.008365  -0.008365
10.610000 3.120588  -0.004327  0.008310  -0.008310
10.620000 3.123529  -0.004302  0.008256  -0.008256
10.630000 3.126471  -0.004278  0.008202  -0.008202
10.640000 3.129412  -0.004254  0.008148  -0.008148
10.650000 3.132353  -0.004230  0.008095  -0.008095
10.660000 3.135294  -0.004207  0.008042  -0.008042
10.670000 3.138235  -0.004183  0.007989  -0.007989
10.680000 3.141176  -0.004160  0.007937  -0.007937
10.690000 3.144118  -0.004136  0.007885  -0.007885
10.700000 3.147059  -0.004113  0.007834  -0.007834
10.710000 3.150000  -0.004090  0.007783  -0.007783
10.720000 3.152941  -0.004067  0.007732  -0.007732
10.730000 3.155882  -0.004045  0.007682  -0.007682
10.740000 3.158824  -0.004022  0.007632  -0.007632
10.750000 3.161765  -0.004000  0.007583  -0.007583
10.760000 3.164706  -0.003978  0.007534  -0.007534
10.770000 3.167647  -0.003956  0.007485  -0.007485
10.780000 3.170588  -0.003934  0.007437  -0.007437
10.790000 3.173529  -0.003912  0.007389  -0.007389
10.800000 3.176471  -0.003890  0.007341  -0.007341
10.810000 3.179412  -0.003869  0.007294  -0.007294
10.820000 3.182353  -0.003847  0.007247  -0.007247
10.830000 3.185294  -0.003826  0.007200  -0.007200
10.840000 3.188235  -0.003805  0.007154  -0.007154
10.850000 3.191176  -0.003784  0.007108  -0.007108
10.860000 3.194118  -0.003763  0.007062  -0.007062
10.870000 3.197059  -0.003742  0.007017  -0.007017
10.880000 3.200000  -0.003722  0.006972  -0.006972
10.890000 3.202941  -0.003701  0.006927  -0.006927
10.900000 3.205882  -0.003681  0.006883  -0.006883
10.910000 3.208824  -0.003661  0.006839  -0.006839
10.920000 3.211765  -0.003641  0.006795  -0.006795
10.930000 3.214706  -0.003621  0.006752  -0.006752
10.940000 3.217647  -0.003601  0.006709  -0.006709
10.950000 3.220588  -0.003581  0.006666  -0.006666
10.960000 3.223529  -0.003562  0.006624  -0.006624
10.970000 3.226471  -0.003542  0.006582  -0.006582
10.980000 3.229412  -0.003523  0.006540  -0.006540
10.990000 3.232353  -0.003504  0.006499  -0.006499
